  0.0500 0.00000
  0.050700 0.0000
  0.051220 0.000
  0.051740 0.0004526138
  0.052260 0.0019183535
  0.052780 0.0039137380
  0.053300 0.0063465448
  0.053820 0.0095620770
  0.054340 0.0145145790
  0.054860 0.0222932610
  0.055380 0.0341940137
  0.055900 0.0512702778
  0.056420 0.0741232017
  0.056940 0.1005423370
  0.057460 0.1337360213
  0.057980 0.1743809693
  0.058500 0.2234643078
  0.059020 0.2750077292
  0.059540 0.3291320226
  0.060060 0.3847315195
  0.060580 0.4416045354
  0.061100 0.4957423758
  0.061620 0.5460171806
  0.062140 0.5905944423
  0.062660 0.6278006620
  0.063180 0.6527017071
  0.063700 0.6750375020
  0.064220 0.6945613713
  0.064740 0.7084352565
  0.065260 0.7206021178
  0.065780 0.7298923310
  0.066300 0.7386804909
  0.066820 0.7448966797
  0.067340 0.7529523983
  0.067860 0.7581126112
  0.068380 0.7631939719
  0.068900 0.7676551671
  0.069420 0.7732421942
  0.069940 0.7780274631
  0.070460 0.7809332219
  0.070980 0.7888035413
  0.071500 0.7911242685
  0.072020 0.7946560413
  0.072540 0.8000028222
  0.073060 0.8022406393
  0.073580 0.8069753805
  0.074100 0.8126234595
  0.074620 0.8167765019
  0.075140 0.8201410686
  0.075660 0.8242209097
  0.076180 0.8292990297
  0.076700 0.8339460886
  0.077220 0.8369818388
  0.077740 0.8410668585
  0.078260 0.8442727004
  0.078780 0.8474291974
  0.079300 0.8519833814
  0.079820 0.8545211305
  0.080340 0.8579614546
  0.080860 0.8633893922
  0.081380 0.8648607547
  0.081900 0.8689009944
  0.082420 0.8723025535
  0.082940 0.8749110703
  0.083460 0.8787372196
  0.083980 0.8803346139
  0.084500 0.8837558040
  0.085020 0.8866179389
  0.085540 0.8884319890
  0.086060 0.8910221988
  0.086580 0.8938197053
  0.087100 0.8973060990
  0.087620 0.9004115834
  0.088140 0.8999877537
  0.088660 0.9031745261
  0.089180 0.9061450634
  0.089700 0.9103557040
  0.090220 0.9089680946
  0.090740 0.9113635633
  0.091260 0.9144274684
  0.091780 0.9148661898
  0.092300 0.9176565073
  0.092820 0.9171452114
  0.093340 0.9200004580
  0.093860 0.9227776980
  0.094380 0.9232454941
  0.094900 0.9263348893
  0.095420 0.9274136233
  0.095940 0.9294130487
  0.096460 0.9285050432
  0.096980 0.9320988265
  0.097500 0.9328280708
  0.098020 0.9350427600
  0.098540 0.9374098423
  0.099060 0.9377259342
  0.099580 0.9393989618
  0.100100 0.9401656535
  0.100620 0.9428185230
  0.101140 0.9435024107
  0.101660 0.9446254444
  0.102180 0.9462908998
  0.102700 0.9476937953
  0.103220 0.9496309455
  0.103740 0.9505491029
  0.104260 0.9527484957
  0.104780 0.9542597658
  0.105300 0.9536920951
  0.105820 0.9550172063
  0.106340 0.9583109919
  0.106860 0.9584253354
  0.107380 0.9590796141
  0.107900 0.9612015260
  0.108420 0.9619448397
  0.108940 0.9646426888
  0.109460 0.9641748647
  0.109980 0.9668956528
  0.110500 0.9678141330
  0.111020 0.9677510814
  0.111540 0.9700070502
  0.112060 0.9712929231
  0.112580 0.9720237150
  0.113100 0.9729157211
  0.113620 0.9745024048
  0.114140 0.9752793196
  0.114660 0.9754314812
  0.115180 0.9763613629
  0.115700 0.9778392234
  0.116220 0.9806903829
  0.116740 0.9800394235
  0.117260 0.9815881204
  0.117780 0.9821584868
  0.118300 0.9835231927
  0.118820 0.9854460352
  0.119340 0.9851941583
  0.119860 0.9843870579
  0.120380 0.9849369015
  0.120900 0.9864072037
  0.121420 0.9864389488
  0.121940 0.9864995322
  0.122460 0.9868228501
  0.122980 0.9905096532
  0.123500 0.9889099252
  0.124020 0.9881507822
  0.124540 0.9904373078
  0.125060 0.9911337874
  0.125580 0.9925467836
  0.126100 0.9945077371
  0.126620 0.9953850541
  0.127140 0.9949253289
  0.127660 0.9952174626
  0.128180 0.9978101501
  0.128700 0.9986331786
  0.129220 0.9983385240
  0.129740 0.9998615118
  0.130260 1.0001068094
  0.130780 0.9998850250
  0.131300 1.0018547177
  0.131820 1.0039104638
  0.132340 1.0042103588
  0.132860 1.0037178054
  0.133380 1.0033662080
  0.133900 1.0064299016
  0.134420 1.0058498724
  0.134940 1.0078964858
  0.135460 1.0079602944
  0.135980 1.0087066699
  0.136500 1.0085411208
  0.137020 1.0095713033
  0.137540 1.0110070958
  0.138060 1.0110186645
  0.138580 1.0122765702
  0.139100 1.0130054264
  0.139620 1.0138480157
  0.140140 1.0141453054
  0.140660 1.0141396957
  0.141180 1.0142836594
  0.141700 1.0173149259
  0.142220 1.0164354612
  0.142740 1.0176148295
  0.143260 1.0176324220
  0.143780 1.0176631355
  0.144300 1.0173420827
  0.144820 1.0188920607
  0.145340 1.0187933866
  0.145860 1.0186719051
  0.146380 1.0200786522
  0.146900 1.0206492404
  0.147420 1.0206529576
  0.147940 1.0215032226
  0.148460 1.0229965010
  0.148980 1.0243489826
  0.149500 1.0232384949
  0.151665 1.0281681078
  0.153380 1.0264683157
  0.155095 1.0209174847
  0.156935 1.0254966102
  0.158805 1.0154779947
  0.160575 1.0101334087
  0.162295 1.0158074872
  0.164100 1.0149687754
  0.165935 1.0188041418
  0.167760 1.0103760330
  0.169545 1.0055413934
  0.171310 1.0126014109
  0.173020 1.0034631943
  0.174680 0.9978097081
  0.176465 1.0051026484
  0.178305 0.9759131952
  0.180130 0.9716548335
  0.181905 0.9724077193
  0.183610 0.9764589240
  0.185345 0.9589125592
  0.187045 0.9640326494
  0.188755 0.9501982155
  0.190625 0.9491210951
  0.192540 0.9358132850
  0.194285 0.9320245039
  0.195980 0.9292679733
  0.197730 0.9211018121
  0.199425 0.9226704882
  0.201110 0.9219927879
  0.202820 0.9099318152
  0.204590 0.9137821092
  0.206365 0.9003371845
  0.208120 0.8919414033
  0.209890 0.8876779224
  0.211660 0.8968220305
  0.213435 0.8801832358
  0.215135 0.8722163493
  0.216785 0.8682615514
  0.218460 0.8140379218
  0.220110 0.7932323749
  0.221820 0.7405458335
  0.223625 0.7228110574
  0.225365 0.7082381553
  0.227080 0.6658113308
  0.228865 0.5989764899
  0.230570 0.5347691333
  0.232205 0.5058074624
  0.233865 0.4328604394
  0.235570 0.4292753710
  0.237285 0.4258851386
  0.239025 0.4368447286
  0.240845 0.3819523320
  0.242680 0.3495570007
  0.244540 0.3511405665
  0.246460 0.2516060818
  0.248400 0.1492458290
  0.250410 0.0525209162
  0.252505 0.0129156463
  0.254640 0.0007025052
  0.256885 0.0003784761
  0.259285 0.0002596364
  0.261880 0.0002405414
  0.264750 0.0002121266
  0.267920 0.0001429629
  0.271300 0.0001062200
  0.274935 0.0000387130
  0.278955 0.0000241480
  0.283185 0
  0.3 0
